lp        ITN    4016    OPTIMAL SOLN  NINF      0      OBJ  -9.956950088218E-48
OBJ=c        RHS=b        RNG=         BND=bounds   M=  10046 N=  29273 SB=    0
33333333333333333333333333333333333333333333333333333333333300330030303000000300
00000300000300000030333333333303003330003000300000000000000000033030003303003333
00300000000000000003003003030300333333000330003333333030300000000000000303033030
33303303033333303300033330030030033003000003003300000000300300000003300030000003
30000000330300000000000000003003000000303000000300030000000003030333300030300000
03003003003333003000300003003000303330033000033303030033030303000303030303003300
03030300330303000030000003000030330000300003003000000300000003333030030333000303
00000000330003000300000000030000030333303000330000000300000000300300030000003000
00000333300000030000300033033300000300030000000003003033000000300000000003000303
30300030303030033000300033000300003000000003030030000300000000000000003030303003
00330333303003300303000000000000303000330033303303333333333330333333333003330033
30333333333330333333333333333333333033333333333333033333333330333333333333330333
30333330330033330303303330033333333333333333333333333333333333333333333333333333
33333333333333333300303330303333333333333333333333333333333333333333333333333333
33333333333333333333333333333333333333333333333333333333333333333333333333333303
03033303303330333333333303330300033030303000330303003003303030000033030300000330
30300000330303000003303030030033030300300330303000003303030000033030300000330300
30300330300303003303330000033030030300330300300003303003030033033300300330300300
00330333000003303003000033030030000330333000003303300000330300300003303330000033
03330030033033300300333030000033030030000330330003033033000003303300000330333000
00330333000003303330030033033300300330333000300030333000000330333000300330303030
00330333000003303330000033033300000330333003003303330000033033300000330333000003
30333003330333003003303030300033033030000330333000003303330000033003300300330333
00000330033000003303330030033033030000330333000003303003000033033030000330330330
00330330300003303303000033033300000330330300003303330000033033030000330333000003
30333000003303330000033033300000330333003003300330030003033300300330033000003300
33003003303300000330330000033033000000333300000330330033003033000003303330033333
30333333333333333333330003303300330333030033003000000000000000000000000000000000
00000000000000000000000000000000000000000003300033030300030330300003303303000033
03300000000000000000000000000000000000000000000000000000000000000000000000000003
30000033033000000000000000000000000000000000000000000000000000000000000000000000
00000003300000330300300000000000000000000000000000000000000000000000000000000000
00000000000000000330003303003000000000000000000000000000000000000000000000000000
00000000000000000000000003300033003000000000000000000000000000000000000000000000
00000000000000000000000000000003300033033300000330030000000000000000000000000000
00000000000000000000000000000000000000000000000033000330030000000000000000000000
00000000000000000000000000000000000000000000000000000033000330330000000000000000
00000000000000000000000000000000000000000000000000000000000033000330330000000000
00000000000000000000000000000000000000000000000000000000000000000033000330330000
00000000000000000000000000000000000000000000000000000000000000000000000033000330
33000000000000000000000000000000000000000000000000000000000000000000000000000033
30033033000000000000000000000000000000000000000000000000000000000000000000000000
00003303033330000330330003303300033030000330300003303300033033300000330330000000
00000000000000000000000000000000000000000000000000000000000000000000033000330330
00000000000000000000000000000000000000000000000000000000000000000000000000033000
33033000000000000000000000000000000000000000000000000000000000000000000000000000
03300033033000000000000000000000000000000000000000000000000000000000000000000000
00000003330033333000000000000000000000000000000000000000000000000000000000000000
00000000000003300033033000000000000000000000000000000000000000000000000000000000
00000000000000000003300033033000000000000000000000000000000000000000000000000000
00000000000000000000000003300033033000000000000000000000000000000000000000000000
00000000000000000000000000000003300033033000000000000000000000000000000000000000
00000000000000000000000000000000000003030300003333300000000000000000000000000000
00000000000000000000000000000000000000000000000303000033033000000000000000000000
00000000000000000000000000000000000000000000000000000003300033033000000000000000
00000000000000000000000000000000000000000000000000000000000003330033033000000000
00000000000000000000000000000000000000000000000000000000000000000003300033033000
00000000000000000000000000000000000000000000000000000000000000000000000003300033
03300000000000000000000000000000000000000000000000000000000000000000000000000003
30003303300000000000000000000000000000000000000000000000000000000000000000000000
00000330003303300000000000000000000000000000000000000000000000000000000000000000
00000000000330003333300000000000000000000000000000000000000000000000000000000000
00000000000000000330003303300000000000000000000000000000000000000000000000000000
00000000000000000000000330003303300000000000000000000000000000000000000000000000
00000000000000000000000000000330003303300000000000000000000000000000000000000000
00000000000000000000000000000000000330003303300000000000000000000000000000000000
00000000000000000000000000000000000000000330003303300000000000000000000000000000
00000000000000000000000000000000000000000000000330003303300000000000000000000000
00000000000000000000000000000000000000000000000000000330003303300000000000000000
00000000000000000000000000000000000000000000000000000000000330003303300000000000
00000000000000000000000000000000000000000000000000000000000000000330003303300000
00000000000000000000000000000000000000000000000000000000000000000000000330003303
33003003303300000000000000000000000000000000000000000000000000000000000000000000
00000000303000033033030000330330303003303300000000000000000000000000000000000000
00000000000000000000000000000000000000330000033033000330333000003303330000033033
03000033033000330033033000300033033000330033033000330033033000300033033000000000
00000000000000000000000000000000000000000000000000000000000000000003333303300300
03303300000000000000000000000000000000000000000000000000000000000000000000000000
00330000033033000000000000000000000000000000000000000000000000000000000000000000
00000000003300033030030000330330000000000000000000000000000000000000000000000000
00000000000000000000000000033000330330300003303330000300033033003000330333000003
30330000000000000000000000000000000000000000000000000000000000000000000000000000
33000330330000000000000000000000000000000000000000000000000000000000000000000000
00000033000330330000000000000000000000000000000000000000000000000000000000000000
00000000000033000330330000000000000000000000000000000000000000000000000000000000
00000000000000000030030000033033000000000000000000000000000000000000000000000000
00000000000000000000000000003300033033030000330330000000000000000000000000000000
00000000000000000000000000000000000000000000033000003303300000000000000000000000
00000000000000000000000000000000000000000000000000000330000033030030300033033000
00000000000000000000000000000000000000000000000000000000000000000000000003300000
33033300000330333000003303300000000000000000000000000000000000000000000000000000
00000000000000000000000333303303300000000000000000000000000000000000000000000000
00000000000000000000000000000330003303330000033033003000330330000000000000000000
00000000000000000000000000000000000000000000000000000000033000330330000000000000
00000000000000000000000000000000000000000000000000000000000000033000330333000003
30330000000000000000000000000000000000000000000000000000000000000000000000000000
33000330333000003303300000000000000000000000000000000000000000000000000000000000
00000000000000000330003303003000033030303000330333000003303303000033033300000330
33300000330330000000000000000000000000000000000000000000000000000000000000000000
00000000033000330333000003303330000033033000000000000000000000000000000000000000
00000000000000000000000000000000000003300033033000000000000000000000000000000000
00000000000000000000000000000000000000000003300033033033000330330000000000000000
00000000000000000000000000000000000000000000000000000000000030030000033033000000
00000000000000000000000000000000000000000000000000000000000000000000003300033330
03000033033300000333300303003303300000000000000000000000000000000000000000000000
00000000000000000000000000000330003303330000033330000330333000003303330000033030
30330033030303000330300303003303330000033033300000330330000000000000000000000000
00000000000000000000000000000000000000000000000000030030000033033000000000000000
00000000000000000000000000000000000000000000000000000000000003300000333300300003
30303030003303330000033030000330303003000330303003000330330003000333030003330330
33000300033033000300033033000300033303000000330330003000330330030003303300033003
30330003333030000330300300303303303030033033000300033003000000000000000000000000
00000000000000000000000000000000000000000000000000003300033303000000000000000000
00000000000000000000000000000000000000000000000000000000003300033033300000330033
00000330030000000000000000000000000000000000000000000000000000000000000000000000
00000033000003303330000033030030000330033000003303000033033300000330333000003303
30300003300330000033033300300330333000003303330000033033300000330303030003303330
00003330330003033033000000033330003330033030003000330300300003303330000033030030
00033003000000000000000000000000000000000000000000000000000000000000000000000000
00003300000333300300003303003000033030030000330333000003303003000033033030000330
03000000000000000000000000000000000000000000000000000000000000000000000000000033
00300330330003000330030000000000000000000000000000000000000000000000000000000000
00000000000000000033000003303000033003000000000000000000000000000000000000000000
00000000000000000000000000000000003300033033000000000000000000000000000000000000
00000000000000000000000000000000000000003300000330330000000000000000000000000000
00000000000000000000000000000000000000000000000033000003303000033033300000333300
30000330333000003303303000033033300000330333000003303303000033033300000330333000
00330333000003300300000000000000000000000000000000000000000000000000000000000000
00000000000000330000033003000000000000000000000000000000000000000000000000000000
00000000000000000000003300000333303000003303300000000000000000000000000000000000
00000000000000000000000000000000000000000330003303330003003033000300033003300000
33030030000330303000033033003030333300303300303303000033030030000330330003000330
33000300033003000000000000000000000000000000000000000000000000000000000000000000
00000000003300000330330000000000000000000000000000000000000000000000000000000000
00000000000000000033000033030030000330300300003303330000033033300000330303000003
30330300003303330000033033030000330030003300300033003000330333000003303330000033
03330000033033300000330330300003303330000033033000000000000000000000000000000000
00000000000000000000000000000000000000000003300000330333000003300300000000000000
00000000000000000000000000000000000000000000000000000000000000330003303300000000
00000000000000000000000000000000000000000000000000000000000000000000330003330300
00000000000000000000000000000000000000000000000000000000000000000000000000330003
30300300003303003000033033000333330000000000000000000000000000000000000000000000
00000000000000000000000000000033000003303303000033033000000000000000000000000000
00000000000000000000000000000000000000000000000003300033030000330300003300300000
00000000000000000000000000000000000000000000000000000000000000000000000330000033
03030033030030000330303000003303330000033030030000330330000000000000000000000000
00000000000000000000000000000000000000000000000000030300003303303000033033300000
33333000000000000000000000000000000000000000000000000000000000000000000000000000
03303003303330000033033300000330330000000000000000000000000000000000000000000000
00000000000000000000000000000033000330330000000000000000000000000000000000000000
00000000000000000000000000000000000033030330330000000000000000000000000000000000
00000000000000000000000000000000000000000033000003303330003033033300333330003303
00003303330000033033000330333003303300000000000000000000000000000000000000000000
00000000000000000000000000000000330000333330000000000000000000000000000000000000
00000000000000000000000000000000000000033000033033300000330333000003303330000033
03330033033300000330333000003333000033033303000330330000000000000000000000000000
00000000000000000000000000000000000000000000000033003003303303000033033000000000
00000000000000000000000000000000000000000000000000000000000000000003300033033000
00000000000000000000000000000000000000000000000000000000000000000000000003300033
03300000000000000000000000000000000000000000000000000000000000000000000000000003
30003303300000000000000000000000000000000000000000000000000000000000000000000000
00000330003330300000000000000000000000000000000000000000000000000000000000000000
00000000000330003303300000000000000000000000000000000000000000000000000000000000
00000000000000000330003303003000000000000000000000000000000000000000000000000000
00000000000000000000000003330033033000000000000000000000000000000000000000000000
00000000000000000000000000000003300033033000000000000000000000000000000000000000
00000000000000000000000000000000000003300000330330000000000000000000000000000000
00000000000000000000000000000000000000000000030030000033033000000000000000000000
00000000000000000000000000000000000000000000000000000003003000003303300000000000
00000000000000000000000000000000000000000000000000000000000000000330000033033000
00000000000000000000000000000000000000000000000000000000000000000000000003003000
00330330000000000000000000000000000000000000000000000000000000000000000000000000
00030030000033033000000000000000000000000000000000000000000000000000000000000000
00000000000003300003303300000000000000000000000000000000000000000000000000000000
00000000000000000000330000330300330003303303300033033030000330330000000000000000
00000000000000000000000000000000000000000000000000000000000030030033303300000000
00000000000000000000000000000000000000000000000000000000000000000000030300000330
33000000000000000000000000000000000000000000000000000000000000000000000000000030
03000003303300000000000000000000000000000000000000000000000000000000000000000000
00000000300300000330330000000000000000000000000000000000000000000000000000000000
00000000000000000030030000033033000000000000000000000000000000000000000000000000
00000000000000000000000000003300003303300000000000000000000000000000000000000000
00000000000000000000000000000000000330003303330003333300303333300330333300333330
30003333033003333003003303333000033333003303333003033333003333003003000330033000
00330033000003303300000033033003300330030000303303300000033033003030330330000003
30330000003330300300033033000000330030030003303030300033033000030330330030003303
30000003300300030033303000000330030000003300300000033033000000330330000003303300
00003303300000033033000000330330030003303300300033033003000330030000003303300000
03300300000033003003000330030000003300300300033003000000330030033003303303030033
03303003033003300000330000003300303000033033003000330330000000000000000000000000
00000000000000000000000000000000000000000000000000033000330330000000000000000000
00000000000000000000000000000000000000000000000000000000033000330330000000000000
00000000000000000000000000000000000000000000000000000000000000033000330030000000
00000000000000000000000000000000000000000000000000000000000000000000033000330030
03000330030030003330300300033300300300330330000003300300000033003003000333003000
00330003000003303030000033033003000330330000003330300000033303000000330030300000
33033000003303330000033033300000330333000003303330000033033300000330333000003300
33000003303330000033033300000330333000003303330000033003300000330033000003303330
00003303330030033000000330030000000000000000000000000000000000000000000000000000
00000000000000000000000033000330333003003330330000033033300333033300000330333000
00330333000003303330000033003030000330030300003300300000000000000000000000000000
00000000000000000000000000000000000000000000000330000033003030000330300000000000
00000000000000000000000000000000000000000000000000000000000000000033000003300303
00003300300000000000000000000000000000000000000000000000000000000000000000000000
00000330030033003300000330300300003303330000033030300000330333000003303003000033
00300033003300000330030000000000000000000000000000000000000000000000000000000000
00000000000000000033000330033000003300330000033003300000330000003300330000033033
30033003300030330300000000000000000000000000000000000000000000000000000000000000
00000000000000033000003303330033333030000033033300000330033000003300330000033003
30300003303330000033033330000033033330000033033300300330333300300330330300003303
30000000000000000000000000000000000000000000000000000000000000000000000000000330
03003303330030000033033300000330333000003303333003003300300000000000000000000000
00000000000000000000000000000000000000000000000000000030000033003300300330030000
00000000000000000000000000000000000000000000000000000000000000000000000003003003
30333000000000000000000000000000000000000000000000000000000000000000000000000000
00000330000033003030030300330333300000330330300003303303000033033300000330333003
00000330300000000000000000000000000000000000000000000000000000000000000000000000
00000033000003303333000003300333000003303333000003300330003000330330303300000000
00000000000000000000000000000000000000000000000000000000000000000000330000033003
00000000000000000000000000000000000000000000000000000000000000000000000000000300
00033033300000330333300000330333003030000330033003003003333033000003303330000033
00333000003303300000000000000000000000000000000000000000000000000000000000000000
00000000000330033003033300300000330333300300330333300000330333300000330330300003
30333003000003300300000000000000000000000000000000000000000000000000000000000000
00000000000000330000033003300000330333003000003303333000003303303003000033033003
00300330033300000330033003000003303333000003303300000000000000000000000000000000
00000000000000000000000000000000000000000000330000033003300300330333000300033033
00300000330033300000330333030000330333000003303330030000330333300000330333000003
30333300000330333300000330300000000000000000000000000000000000000000000000000000
00000000000000000000000033003003303330030000033033330030033033030000330330003300
33300000330030000000000000000000000000000000000000000000000000000000000000000000
00000000033000003303333000003300300000000000000000000000000000000000000000000000
00000000000000000000000000000030003303300300333303330000033033330000033033330000
03303330030300003300300000000000000000000000000000000000000000000000000000000000
00000000000000000030000033030030300000330333003000003303333000003303330030000033
03330030000033033030000330333000003300000000000000000000000000000000000000000000
00000000000000000000000000000000000330000033033300000330333000003303333000003300
30000000000000000000000000000000000000000000000000000000000000000000000000000330
00033003300000333033300000330333003000003300300000000000000000000000000000000000
00000000000000000000000000000000000000000030000033033300300000330300303000003330
33300000330033300000330330300003303303003000033003000000000000000000000000000000
00000000000000000000000000000000000000000000003300003300330000033033330033330333
00000330300303000003300000000000000000000000000000000000000000000000000000000000
00000000000000000000330030033033330000033033330000033033330000033033330000033033
30030000033033300300000330033030000330333000003303330300003303330000033033300000
33033300300000330033003000003303333003003303303003000033030300030003303333000003
30033000003303330000033033330000033003300300000330033000003303333000003303330030
00003303330030000033033330000033033030000333033300300330333300000330300333000003
30330030000033033330000033033030000000000000000000000000000000000000000000000000
00000000000000000000000000000033000003303333000003300333000003303330000033033000
00000000000000000000000000000000000000000000000000000000000000000000000000300000
33033330030033003300300300330330303300000000000000000000000000000000000000000000
00000000000000000000000000000000330000033033330000033033300300330333300000330030
30300330333000003303303000033033300300000330330000000000000000000000000000000000
00000000000000000000000000000000000000000033000003303303000033033330000033033000
00000000000000000000000000000000000000000000000000000000000000000000000003300000
33033330000033003030000000000000000000000000000000000000000000000000000000000000
00000000000000000033000003303333000003303030003000330033003000003303333000003300
33300000330333300000330333300000330033300000330033003000003303330030030033003300
30000033033303000033033330000033000030300333003330000033033300300000330330300003
30333300000330030300000003300303000033033330000033033030000330330300003300000000
00000000000000000000000000000000000000000000000000000000000000000000000330000033
03330003000330330033003303303000033033030000330033300000330333300000333033000003
30033003000003300330000033033300300000330333300000330333000300033033330000033003
33000003303333000003303333000003300003030000033033300300000330333300000330333003
00000330333003000003303333000003303303003000033033303000033003300000330333003000
00330000000000000000000000000000000000000000000000000000000000000000000000000000
00033003333033300300330333300000333033000003303303000033303300333030300300003303
03003000033033300300000330333300000330033300000330003030000330333003000003300000
00000000000000000000000000000000000000000000000000000000000000000000000000330000
03300333000003303003030000033033330000033033300300000330333300000333303000003303
00303003003300000000000000000000000000000000000000000000000000000000000000000000
00000000000330000033033300300333033000003303303000033003330000033033330000033033
30030000033003300000330330300003330333000003303303003000000000000000000000000000
00000000000000000000000000000000000000000000000003300000330330300330330300300003
30030300003300333000003303303000033030030300330333003000003303000000000000000000
00000000000000000000000000000000000000000000000000000000000330000033003300300300
33033030030000330033000003300000000000000000000000000000000000000000000000000000
00000000000000000000000000303000033003300300000330333300300330333003000003300330
00003303303000033003330000033033300000330030300300003303330000033033300300000330
03030030000330333003000003303333000003330333000003300300000000000000000000000000
00000000000000000000000000000000000000000000000000330000033033300300000330333300
00033033300300000330330300303003303330030003303330030030033033330000033033300300
30033033330030033033300000330333030000330333000003303303000000000000000000000000
00000000000000000000000000000000000000000000000000000003300000330000000000000000
00000000000000000000000000000000000000000000000000000000000000033000003300330030
00003303330030300003303330000033003330000033033300000330333300000333000000000000
00000000000000000000000000000000000000000000000000000000000000000033000003303330
03000003303300300000330330300300003303303000033033003000003303333000003303333000
00330000000000000000000000000000000000000000000000000000000000000000000000000000
00033000003300333000003303330030030003003000000000000000000000000000000000000000
00000000000000000000000000000000000000300000333033003000003303330000033030000000
00000000000000000000000000000000000000000000000000000000000000000000003300300330
33330000033033300300300330030300003303330300003303300000000000000000000000000000
00000000000000000000000000000000000000000000000330000033033330000033033330000033
03330030000033003303000033033300300300330030000000000000000000000000000000000000
00000000000000000000000000000000000000003000003300333000003303330030000033033300
30000033033300003000033003030030000000000000000000000000000000000000000000000000
00000000000000000000000000033000003303333000003303333000003303330300003303330033
30333003000003303330030030033003300300000330333030000330333003000003303330300003
30333300000330033300000330330303000003300300000000000000000000000000000000000000
00000000000000000000000000000000000000030000033033300030000000000000000000000000
00000000000000000000000000000000000000000000000000033000003303303003000033033330
00003303330000033033330000033033330000033033303000033030030300000330333300000330
33330000033033030000000000000000000000000000000000000000000000000000000000000000
00000000000000033000003300000000000000000000000000000000000000000000000000000000
00000000000000000000000303000033033300300030030330300300003330330000033033330000
03303303000033033030030000000000000000000000000000000000000000000000000000000000
00000000000000000033000003303303033030000330033003000003303330030000033003300000
33033330000033030030300333003330000033033300300000330333030000330033000003303003
00003300300000000000000000000000000000000000000000000000000000000000000000000000
00000030000033033300300300330333300000330000000000000000000000000000000000000000
00000000000000000000000000000000000000033000003303330000033033330000033003000000
00000000000000000000000000000000000000000000000000000000000000000000000300000330
30300303003303303033303333000003303333000003300333000003303330030000033033300300
03033033030030000330330303003330003003000033033030000333300300003303303003000033
03333000003303333003003303330300003303330030033033330000033033300300000330333300
00033030303000003303330030000033030030000330000000000000000000000000000000000000
00000000000000000000000000000000000000000033000003300333003003303330000033033330
00003300333000003300030300003300300000000000000000000000000000000000000000000000
00000000000000000000000000000030000033033030000330333003000003303330033000000000
00000000000000000000000000000000000000000000000000000000000000000003300000330333
00300000330333003000003303333000003303330000033033030000330333000003300300000000
00000000000000000000000000000000000000000000000000000000000000000000303000033000
03030030033033300000333033300000330333000003303330000033003330000033033030000330
33300300000330333003000003303333000003300300000000000000000000000000000000000000
00000000000000000000000000000000000000330000033003000000000000000000000000000000
00000000000000000000000000000000000000000000003300000330333300000333030303000003
30333000003303330000033033330000033030000000000000000000000000000000000000000000
00000000000000000000000000000000003300000330333300000330333000003303300000000000
00000000000000000000000000000000000000000000000000000000000000000330000033033300
30000033033330000033033330000033033330000033033330030033033330030033033000000000
00000000000000000000000000000000000000000000000000000000000000000003030000330333
30030033033030000330333000003303333003003303000000000000000000000000000000000000
00000000000000000000000000000000000000000330000033033330000033030000000000000000
00000000000000000000000000000000000000000000000000000000000003300000330333003000
00330333003000003303330030000033033300300003303333000003303330030000033033300300
00033033030000330333003003303330030000033033030000000000000000000000000000000000
00000000000000000000000000000000000000000000033003330333000003303333000003303333
00000330333003000003303300000000000000000000000000000000000000000000000000000000
00000000000000000000303000033033030000330333003003303333000003303330300003303330
03030000330333003000003303330000033033330000033030033000330333300000330333300000
33033030000330333300000330330000000000000000000000000000000000000000000000000000
00000000000000000000000003000003303000000000000000000000000000000000000000000000
00000000000000000000000000000000330000033033030030000330333003000003303303000033
03003000033033030030000330333300000330330303003303303000000000000000000000000000
00000000000000000000000000000000000000000000000000003300000330330000000000000000
00000000000000000000000000000000000000000000000000000000000030300003303333000003
30333030300330303303000330333003000003303330000033033330000033033300300000333033
00300300330333300000330303003000033033330030033033300300000330333300000333030000
00000000000000000000000000000000000000000000000000000000000000000000000033000033
03330030000033033300000330333000003303003000033033300000330333003003303333000003
30333300000330330030000033033330000033033000000000000000000000000000000000000000
00000000000000000000000000000000000000300033033000000000000000000000000000000000
00000000000000000000000000000000000000000000300303030303030303030303003303003030
00303030303003030300303030303030033033000000000000000000000000000000000000000000
00000000000000000000000000000000003300303030300003330003030030303030303030303030
03003000033030000000000000000000000000000000000000000000000000000000000000000000
00000000003030333333333333333333333333333333333333333333333333333333333333333333
33333333333333333333333333333333000333000033000003030303030300033330303033033030
33030303030303030303030303030033303030303000330000000330303030333000330333000033
30303303333333030303030330033003300303030303030303300303030303030303030303030303
03300303030303030303030333030030303030303030303030303033033303303333333330333333
33333333330303333333330333333333333033333333300333333333333303333333333333333333
33333333333333333333330333333333333333333333330333303333333333033333333333333333
33333033033333333333333333333333333333333333333333333333333333333333330000000000
00000000000000000000000000000000000000000000000033333033000000000000000000000000
00000000000000000000000000000000000000000000000000000000000000000000000000000000
00000000000000000000000000000000000000000000000000000000000000000000000000000000
00000000000000000000000000000000000000000000000000000000000000000000000000000000
00000000000000000000000000000000000000000000000000000000000000000000000000000000
00000000000000000000000000000000000000000000000000000000000000000000000000000000
00000000000000000000000000000000000000000000000000000000000000000000000000000000
00000000000000000000000000000000000000000000000000000000000000000000000000000000
00000000000000000000000000000000000000000000000000000000000000000000000000000000
00000000000000000000003000000000000300000000300000000000000000000000000300000000
00000000000000000000000000000000000000000000000000000000000000000000030030030000
00300000000000000000300303000000300000000000000000000000030030000000000000003000
00000000003000000000000000030000000030000000300000000000000030000003000000000000
00000000000000300000000300000000000000300003030030000000000000000000000000000003
00000000300003000000000000000000000000000000000000000000000030030003000030000000
03000000000000000000000030000303000000000000000000003000000030000000030300000000
00003003000000000003303300000300000000000000300000000000000000000000000000000030
30000000000000000000000000000000000333003000030000000000000000000030000300300000
00000000000000300330000330030330030000000000000000000000000000000030303030300000
00000000000000000000000000000000000000000000000000000000000000000000000000000000
00000000000000000000000000000000000000000000000000000000000000000000000000000000
00030000000000000000000300000000000000000000000000000000000030003030000330000030
03000000000000000000000000030000303003300030033030300330303003303030033030300330
00300330003003303030033030300330303003300030033000300003303003300030033030300330
00300003003003303030000330300330303003303030000330300003303003303030000330300003
00300003003000033030033030300003003000033030000330300003303000033030000300300003
00300003303300003330300003300300300303000033030000330300003303000030030000330300
00330300003303000030000003003003003030000330300003303000033030300300300003303030
03303000030030000330300003303003303030000330300000303000033030000330300003303000
03303000033030000330300003303000033030000330300003303000030030300303300003003030
03303030030030000330300003303000033300000330300003003000033030003000000000000000
00000000003030000030000003030033030300033000330300033030300303030030303030300030
33030003303030033030003303030033030300330300003033000033030000330300003003000030
03000033030033030303030303030303000303000330300003303000033030000330300003000000
03303000033030000330300003303000300030300003003300003303000030030000330300003303
00003303000033030000330000003303000033030000330300003033000033030000303300003303
00003303000033030000330300030030030303030003303000300303003030303030300033030003
30300033030003000300033030003003000300300033030000300000330303003030300003303030
33030000303300033030000303030003303000330300003303000033030000330300030303030000
33030003303000030303000030303030303300003030300033030003033000030000000330300033
03000330300003303000033030003033000030330003303000033030303303000330300033030003
30300033030003303000033030003303000330300003303000033030000033000303030300003303
00033030003303000300300003303000330300030300033030003303000300300030330300003000
33030003303000303030300303030300033030030303000330303030300033030003303000330300
03000000330300033030003303000330300033030003303000300300030003030303030030003003
00033030300330300003033000330303033030300303030003303030303303033030303030003033
00033030003303030303300030030003303000303300033030003033000330300033000003330000
30030003303030330300033030303303033030303000330303033030303303000330303033003003
30303303000300033030300303030303030300330303003030300303030303030300033030003033
00030330003303000303300030330003033000330300033030003303033030303033030303000330
30000330300033030003033030330303033030003033000300300030030003303030330300033030
00330303303030300003303030330303033030003303000330303033030003303000330300033030
30303030303030303000330300033030003303000330300033030003303030030033000330303003
30300003303000033030303303030330303030300003030300030330000330303030303030303303
03030300030303303030303300033030303303000030303000030300033000000300300033030003
30300003303000030030000303030003003030003000303030303000330303030300000300003300
00003033000330300033030003303000003000330300033030003030000303030030003000330300
00330300003303000033030000330300003303000033030000030030000330300303030300030303
03000303030303003030300030303030003030303000033030000330300303030000303000330300
03030000003030303000303030300030300330003030303000033030000330300030000030000030
00003000003000003000303000003000003000003000003000303303030330303033030003033000
30030303003000330300030030003303000330300033030003303030330300033030003003000330
30003303030300300033030303303030330300033030003303000330300033030003303000330300
03303000330303033030003303030330303033030303303030330303033030303003000300300030
03030330303330303033030003303000030330000330300003303030033030303303030330300033
03000300300033030303303030303030003303030333030003303000330300033030003303000330
30303033030303300030330003303000303300030330003033000303303033030003033000330300
03033000330303030330303033000303300030030333030300330300030030003033000300000330
30003303000330300033030303303030330303003030303033030030303030303033033030003030
33030303303000330303033030003303030330303030303033030300330303033030303303030330
30333030303303030003030300300303030300030000033030003303030330303033030300030303
00033030000330300003303000300300003003000030300003000300003030300033030003303000
03003030303030303030030303030003000030303030300300300003303000330300030303003303
00003030300303030300003303030033030000330303003303000000303030303030303000330300
00330300003303030030003000033030003303030033030000300030000303030000300300003303
00003303000030300003003303003030303033030000303030000330300000330300003000303003
30303003030300003303000030303030300300003303000030303030033030000330300033030000
33030000330300033030000330300003303003030003000030303000030030003303030303030033
03030030303000033030303030030000300000003033000033030000330300003303030303030300
33003030000303030000330300003030300003030300033030003303033030303000330300033030
00033030300330303033030000330300003030303030303030000303030033003030000330303003
30300033030000330303003303030330300003000000330300330030303303000300003303000033
03000030330000330300003030300003030303003303000330300003303000330300033030000303
03030030303000030030000330300330303000033030303303000330300003303030030303030330
30000330300003030300003030300003303000330300003303000033030030003030000303030000
33030000303030300003303030033030003303000303030300003003030030003000300303030030
03030003003000033030303003000330300033030000303030000303030000303000033030000303
03000033030303303030300003303003303030300303030000330303003303000033030030030303
00330303003030300003000303003030300003303000033030333000003003303000030033000330
30000330303003330303033030030030300033030000033033030033000033030003003000330300
00303030033030000330300033030300303030303303000030303000033030000330300003303030
03033000033030000330303330030300003030300003303000030303000030303000033030000330
