lp        ITN    1264    OPTIMAL SOLN  NINF      0      OBJ   9.823718127270E-01
OBJ=c        RHS=b        RNG=         BND=bounds   M=   1806 N=   2583 SB=    0
33333303300000000003000030003030000000300000033000300000000000033000300003333000
03303303333303330000000000000003333000333000003303333303300000030000000000000000
03300000000030000000303030333330030000000030030000033300000000000003300033003030
33033000033330000000033000000000000000030003000333330000003000003300300333000000
00000000000333333333333033333333333333333333333333333330333333330333333300003333
33333333333333333333333303333303333333333333333330333033333333333333333303333330
33333333333333333333333333333333333333333333333333333333333333333303030303303333
30033033333300333333030300333333330003300333333333033333030300303333003333333333
30300300000033333303333333333033333333300000003330333030333030333033330333333000
33033333330003033000033333003333033333303333333333003303303303330300333300033333
33333303333333330033300003033333333333330330033003300033303333030333003303303303
30033333000333330333330333333003300300003333330033330030333333333300333000333330
03333333333333333333333333333033333300333330033333330030300303333333303303003033
33333303333333330303000303030003030300033333333333333033003333033303333333033000
00000300330000300003333330333333033333033333000133303303033300003030333000003333
00303330033333000003303303030333333330330333330330333330300000003330003333333303
30303333333333333333333333303333333303333303333303333330330333333333333030300033
33333333003303303030333033330333303030030330033033303033333033330303030300033333
33033033030330003000033333333003333333333333333033333333333033303333303333333333
33330033330300300333333333333000330333333303333313330030333333333333330333330303
30333300333300333303330330330300333330033303330303033030303333333333330000330333
30033300333333333303003333330333333333333333333003033333333333333333333000003300
00330333333330033333333333300033303300030333000333033333300303330333333333333333
33333333333330330030000330000303000313333333330003303030330333330003333030330333
33333333333303033303003300003300000003000003333333333333003333303333333303303330
33300333333330303333333333303303000300000333333303333333333330033003333333333333
33333333330303000003000033333330333333300000000000000030000003330030333003330330
30333333303000333333330003333333033330333333333303330303333333033333333333333303
33330033333333303330330330333303333303033333033330333333333000000003333333033033
03333330333033303333300333033303333333333333333300333000000300333003303333033333
33333330333033333030003333000333300333333333030330333333300330033300333330333303
33303333330333330333333333333333330333333333333330333333303033033300033303033333
00333003333333303300303000000000000000000000000000000000000000000000000000000000
00000000000000000000000000000000000000000000000000000000000000000000000000000000
00000000000000000000000000000000000000000000000000000000000000000000000000000300
00000000000000000000300000000000000000000000000000000000000000000000000000000000
00000000300000000000000000300000000003000000000000000000000000000000000000030000
00000000000000000000000000000000000000000000000003000030000000300000000000000000
00000000000000000000000000003300000000000000000000000000000000000003000000000030
00000000000000000000000000000003000000000000000000000000000000000000030030000000
00000000000030300000000000000000000000000300000000000000000000000000000000000000
00300000000000000030300000000000000000000000000000000000000003000000000000000000
00000000000000000000000000000000000000000000000000000000000000000000000000000000
00000000000000000000303003000000000000000000000000000300030000000000030000000000
03030000030000030033333333333333303300003300000030000000000000000000000000000000
00000000030000000000000000000000000000000000000000000000000000000000000000000000
00000000000000000000000000000000000000000000000000000000000000000000000000000000
00000000000000000000000000000000000000000000000000000000000000000000000000000000
00000000000000000000000000000000000000000000000000000000000000000000000000000000
00000000000000000000000000000000000000000000000000000000000000000000000000000000
00000000000000000000000000000000000000000000000000000000000000000000000000000000
00030000000000000000000000000000030303000000000000000000000000000000000000000000
00000000000000000000000000000000000000000000000000000000003000000000000000000000
00000000000000000000000000000000000000000000000000000000000000000000000000000000
000000000000000000000000000000000000000000000000000000000000000000003
       0
